Webots Project File version R2020b
perspectives: 000000ff00000000fd00000004000000000000028d000003f0fc0100000003fc00000000ffffffff0000000000fffffffc0200000001fb00000012005300630065006e006500540072006500650100000019000003f10000000000000000fb0000001e00480074006d006c0052006f0062006f007400570069006e0064006f007700000000000000028d0000000000000000fb0000001a0044006f00630075006d0065006e0074006100740069006f006e020000022b0000000000000555000003d5000000010000024d00000778fc0200000001fb0000001400540065007800740045006400690074006f00720100000027000007780000003f00ffffff000000020000073d000003d5fc0100000001fb0000000e0043006f006e0073006f006c006500000000000000073d00000000000000000000000300000e7a00000039fc0100000001fb0000001a0043006f006e0073006f006c00650041006c006c0041006c006c010000000000000e7a0000006900ffffff00000c2b0000077800000004000000040000000100000008fc00000000
simulationViewPerspectives: 000000ff000000010000000200000118000002810100000002010000000101
sceneTreePerspectives: 000000ff0000000100000002000000c0000001120100000002010000000201
maximizedDockId: -1
centralWidgetVisible: 1
orthographicViewHeight: 1
textFiles: -1
consoles: Console:All:All
renderingDevicePerspectives: maxwell:Camera;1;0.453125;0.00191449;0
